72
1031,515,257,128,64,32,16,8,4,2,1,0,0,0,0,0,32767,32767,32769,1,290341444919459839,30,0,30,0,2,0,31,31,0,0,0,0,32769,32763,32763,32763,32763,1,290341444919459839,1,290341444919459839,1,290341444919459839,2,0,2,0,3,1226245742482522112
4356,2178,1089,544,272,136,68,34,17,8,4,2,1,0,0,0,32768,32769,32769,3,1226245742482522112,31,31,32,5,4,4,31,31,0,0,20,4,32769,32763,32763,32763,32763,2,0,3,1226245742482522112,4,4,4,4,5,74168662805676031,5,74168662805676031
18438,9219,4609,2304,1152,576,288,144,72,36,18,9,4,2,1,0,32768,32767,32769,7,5189976364521848832,33,1,32,5,8,1,33,33,0,0,5,1,32769,32763,32763,32764,32764,3,1226245742482522112,5,74168662805676031,5,74168662805676031,5,74168662805676031,5,74168662805676031,5,74168662805676031
18438,9219,4609,2304,1152,576,288,144,72,36,18,9,4,2,1,0,32768,32767,32769,9,5189976364521848832,34,1,32,5,10,1,34,33,0,0,5,1,32769,32764,32764,32764,32764,4,4,5,74168662805676031,5,74168662805676031,5,74168662805676031,5,74168662805676031,5,74168662805676031
18438,9219,4609,2304,1152,576,288,144,72,36,18,9,4,2,1,0,32768,32767,32769,11,5189976364521848832,35,10,32,5,12,10,35,33,0,0,50,10,32769,32764,32764,32764,32764,5,74168662805676031,5,74168662805676031,5,74168662805676031,5,74168662805676031,5,74168662805676031,5,74168662805676031
4356,2178,1089,544,272,136,68,34,17,8,4,2,1,0,0,0,32768,32769,32769,13,1226245742482522112,36,33,37,15,14,5,36,33,0,0,75,5,32769,32764,32764,32764,32764,6,0,5,74168662805676031,5,74168662805676031,5,74168662805676031,5,74168662805676031,5,74168662805676031
519,259,129,64,32,16,8,4,2,1,0,0,0,0,0,0,32765,32767,32769,18,146226256843603965,35,10,37,15,19,4,38,38,10,1,60,238197656844656924424362190567621473076,32769,32764,32764,32764,32764,7,5189976364521848832,5,74168662805676031,5,74168662805676031,5,74168662805676031,5,74168662805676031,5,74168662805676031
18442,9221,4610,2305,1152,576,288,144,72,36,18,9,4,2,1,0,32768,32767,32764,22,5191102242953854976,38,1,37,15,34,1,38,38,0,0,15,1,32769,32764,32764,32764,32765,8,1,5,74168662805676031,5,74168662805676031,5,74168662805676031,5,74168662805676031,5,74168662805676031
18474,9237,4618,2309,1154,577,288,144,72,36,18,9,4,2,1,0,32768,32763,32764,23,5200109442208333824,39,2,33,1,34,1,39,38,0,0,1,2,32769,32765,32765,32765,32765,9,5189976364521848832,5,74168662805676031,5,74168662805676031,5,74168662805676031,5,74168662805676031,5,74168662805676031
18470,9235,4617,2308,1154,577,288,144,72,36,18,9,4,2,1,0,32768,32765,32769,24,5198983563776458752,40,9,35,10,25,340282366920938463463374557953744961536,40,38,0,0,340282366920938463463374557953744961527,9,32769,32765,32765,32765,32765,10,1,5,74168662805676031,5,74168662805676031,5,74168662805676031,5,74168662805676031,5,74168662805676031
4356,2178,1089,544,272,136,68,34,17,8,4,2,1,0,0,0,32768,32769,32769,26,1226245742482522112,41,38,42,28,27,340282366920938463463374557953744961529,41,38,0,0,340282366920938463463374557953744961313,340282366920938463463374557953744961529,32769,32765,32765,32765,32765,11,5189976364521848832,5,74168662805676031,5,74168662805676031,5,74168662805676031,5,74168662805676031,5,74168662805676031
519,259,129,64,32,16,8,4,2,1,0,0,0,0,0,0,32765,32767,32769,18,146226256843603965,40,9,42,28,19,4,43,43,9,1,112,264664063160729916027069100630690525640,32769,32765,32765,32765,32765,12,10,5,74168662805676031,5,74168662805676031,5,74168662805676031,5,74168662805676031,5,74168662805676031
18442,9221,4610,2305,1152,576,288,144,72,36,18,9,4,2,1,0,32768,32767,32764,22,5191102242953854976,43,2,42,28,39,2,43,43,0,0,56,2,32769,32765,32765,32765,32765,13,1226245742482522112,5,74168662805676031,5,74168662805676031,5,74168662805676031,5,74168662805676031,5,74168662805676031
18474,9237,4618,2309,1154,577,288,144,72,36,18,9,4,2,1,0,32768,32763,32764,23,5200109442208333824,44,3,38,1,39,2,44,43,0,0,2,3,32769,32766,32766,32766,32766,14,5,6,0,6,0,6,0,6,0,6,0
18470,9235,4617,2308,1154,577,288,144,72,36,18,9,4,2,1,0,32768,32765,32769,24,5198983563776458752,45,8,40,9,25,340282366920938463463374557953744961536,45,43,0,0,340282366920938463463374557953744961528,8,32769,32766,32766,32766,32766,15,4613515612218425343,6,0,6,0,6,0,6,0,6,0
4356,2178,1089,544,272,136,68,34,17,8,4,2,1,0,0,0,32768,32769,32769,26,1226245742482522112,46,43,47,28,27,340282366920938463463374557953744961529,46,43,0,0,340282366920938463463374557953744961313,340282366920938463463374557953744961529,32769,32766,32766,32766,32766,16,144,6,0,6,0,6,0,6,0,6,0
519,259,129,64,32,16,8,4,2,1,0,0,0,0,0,0,32765,32767,32769,18,146226256843603965,45,8,47,28,19,4,48,48,8,1,112,297747071055821155530452738209526841345,32769,32767,32767,32767,32767,17,2345108766317314046,6,0,6,0,6,0,6,0,6,0
18442,9221,4610,2305,1152,576,288,144,72,36,18,9,4,2,1,0,32768,32767,32764,22,5191102242953854976,48,3,47,28,44,3,48,48,0,0,84,3,32769,32767,32767,32767,32767,18,146226256843603965,6,0,6,0,6,0,6,0,6,0
18474,9237,4618,2309,1154,577,288,144,72,36,18,9,4,2,1,0,32768,32763,32764,23,5200109442208333824,49,5,43,2,44,3,49,48,0,0,6,5,32769,32767,32767,32767,32767,19,4,6,0,6,0,6,0,6,0,6,0
18470,9235,4617,2308,1154,577,288,144,72,36,18,9,4,2,1,0,32768,32765,32769,24,5198983563776458752,50,7,45,8,25,340282366920938463463374557953744961536,50,48,0,0,340282366920938463463374557953744961529,7,32769,32767,32767,32767,32767,20,5191102242953854976,6,0,6,0,6,0,6,0,6,0
4356,2178,1089,544,272,136,68,34,17,8,4,2,1,0,0,0,32768,32769,32769,26,1226245742482522112,51,48,52,28,27,340282366920938463463374557953744961529,51,48,0,0,340282366920938463463374557953744961313,340282366920938463463374557953744961529,32769,32767,32767,32767,32767,21,2345108766317314046,6,0,6,0,6,0,6,0,6,0
519,259,129,64,32,16,8,4,2,1,0,0,0,0,0,0,32765,32767,32769,18,146226256843603965,50,7,52,28,19,4,53,53,7,1,112,48611766702991209066196365421963565934,32769,32767,32767,32767,32767,22,5191102242953854976,6,0,6,0,6,0,6,0,6,0
18442,9221,4610,2305,1152,576,288,144,72,36,18,9,4,2,1,0,32768,32767,32764,22,5191102242953854976,53,5,52,28,49,5,53,53,0,0,140,5,32769,32767,32767,32767,32767,23,5200109442208333824,6,0,6,0,6,0,6,0,6,0
18474,9237,4618,2309,1154,577,288,144,72,36,18,9,4,2,1,0,32768,32763,32764,23,5200109442208333824,54,8,48,3,49,5,54,53,0,0,15,8,32769,32767,32767,32767,32767,24,5198983563776458752,6,0,6,0,6,0,6,0,6,0
18470,9235,4617,2308,1154,577,288,144,72,36,18,9,4,2,1,0,32768,32765,32769,24,5198983563776458752,55,6,50,7,25,340282366920938463463374557953744961536,55,53,0,0,340282366920938463463374557953744961530,6,32769,32767,32767,32767,32767,25,340282366920938463463374557953744961536,6,0,6,0,7,5189976364521848832,7,5189976364521848832,8,1
4356,2178,1089,544,272,136,68,34,17,8,4,2,1,0,0,0,32768,32769,32769,26,1226245742482522112,56,53,57,28,27,340282366920938463463374557953744961529,56,53,0,0,340282366920938463463374557953744961313,340282366920938463463374557953744961529,32769,32767,32767,32767,32767,26,1226245742482522112,8,1,9,5189976364521848832,9,5189976364521848832,10,1,10,1
519,259,129,64,32,16,8,4,2,1,0,0,0,0,0,0,32765,32767,32769,18,146226256843603965,55,6,57,28,19,4,58,58,6,1,112,56713727820156410577229092992290826923,32769,32767,32767,32767,32767,27,340282366920938463463374557953744961529,11,5189976364521848832,11,5189976364521848832,12,10,12,10,13,1226245742482522112
18442,9221,4610,2305,1152,576,288,144,72,36,18,9,4,2,1,0,32768,32767,32764,22,5191102242953854976,58,8,57,28,54,8,58,58,0,0,224,8,32769,32767,32767,32767,32767,28,2345108766317314046,13,1226245742482522112,14,5,14,5,15,4613515612218425343,15,4613515612218425343
18474,9237,4618,2309,1154,577,288,144,72,36,18,9,4,2,1,0,32768,32763,32764,23,5200109442208333824,59,13,53,5,54,8,59,58,0,0,40,13,32769,32767,32767,32767,32767,29,31,16,144,16,144,17,2345108766317314046,17,2345108766317314046,18,146226256843603965
18470,9235,4617,2308,1154,577,288,144,72,36,18,9,4,2,1,0,32768,32765,32769,24,5198983563776458752,60,5,55,6,25,340282366920938463463374557953744961536,60,58,0,0,340282366920938463463374557953744961531,5,32769,32767,32767,32767,32767,30,0,18,146226256843603965,18,146226256843603965,18,146226256843603965,18,146226256843603965,18,146226256843603965
4356,2178,1089,544,272,136,68,34,17,8,4,2,1,0,0,0,32768,32769,32769,26,1226245742482522112,61,58,62,28,27,340282366920938463463374557953744961529,61,58,0,0,340282366920938463463374557953744961313,340282366920938463463374557953744961529,32769,32767,32767,32767,32767,88,144,18,146226256843603965,18,146226256843603965,18,146226256843603965,18,146226256843603965,18,146226256843603965
519,259,129,64,32,16,8,4,2,1,0,0,0,0,0,0,32765,32767,32769,18,146226256843603965,60,5,62,28,19,4,63,63,5,1,112,136112946768375385385349823181497984615,32769,32767,32767,32767,32767,88,144,18,146226256843603965,19,4,19,4,19,4,19,4
18442,9221,4610,2305,1152,576,288,144,72,36,18,9,4,2,1,0,32768,32767,32764,22,5191102242953854976,63,13,62,28,59,13,63,63,0,0,364,13,32769,32767,32767,32767,32767,88,144,19,4,19,4,19,4,19,4,19,4
18474,9237,4618,2309,1154,577,288,144,72,36,18,9,4,2,1,0,32768,32763,32764,23,5200109442208333824,64,21,58,8,59,13,64,63,0,0,104,21,32769,32767,32767,32767,32767,88,144,19,4,19,4,19,4,20,5191102242953854976,20,5191102242953854976
18470,9235,4617,2308,1154,577,288,144,72,36,18,9,4,2,1,0,32768,32765,32769,24,5198983563776458752,65,4,60,5,25,340282366920938463463374557953744961536,65,63,0,0,340282366920938463463374557953744961532,4,32769,32767,32767,32767,32767,88,144,21,2345108766317314046,21,2345108766317314046,22,5191102242953854976,22,5191102242953854976,22,5191102242953854976
4356,2178,1089,544,272,136,68,34,17,8,4,2,1,0,0,0,32768,32769,32769,26,1226245742482522112,66,63,67,28,27,340282366920938463463374557953744961529,66,63,0,0,340282366920938463463374557953744961313,340282366920938463463374557953744961529,32769,32767,32767,32767,32767,88,144,22,5191102242953854976,22,5191102242953854976,22,5191102242953854976,22,5191102242953854976,22,5191102242953854976
519,259,129,64,32,16,8,4,2,1,0,0,0,0,0,0,32765,32767,32769,18,146226256843603965,65,4,67,28,19,4,68,68,4,1,112,255211775190703847597530918465308721153,32769,32767,32767,32767,32767,88,144,22,5191102242953854976,22,5191102242953854976,22,5191102242953854976,23,5200109442208333824,23,5200109442208333824
18442,9221,4610,2305,1152,576,288,144,72,36,18,9,4,2,1,0,32768,32767,32764,22,5191102242953854976,68,21,67,28,64,21,68,68,0,0,588,21,32769,32767,32767,32767,32767,88,144,23,5200109442208333824,23,5200109442208333824,23,5200109442208333824,23,5200109442208333824,23,5200109442208333824
18474,9237,4618,2309,1154,577,288,144,72,36,18,9,4,2,1,0,32768,32763,32764,23,5200109442208333824,69,34,63,13,64,21,69,68,0,0,273,34,32769,32767,32767,32767,32767,88,144,23,5200109442208333824,23,5200109442208333824,23,5200109442208333824,23,5200109442208333824,24,5198983563776458752
18470,9235,4617,2308,1154,577,288,144,72,36,18,9,4,2,1,0,32768,32765,32769,24,5198983563776458752,70,3,65,4,25,340282366920938463463374557953744961536,70,68,0,0,340282366920938463463374557953744961533,3,32769,32767,32767,32767,32767,88,144,24,5198983563776458752,24,5198983563776458752,24,5198983563776458752,24,5198983563776458752,24,5198983563776458752
4356,2178,1089,544,272,136,68,34,17,8,4,2,1,0,0,0,32768,32769,32769,26,1226245742482522112,71,68,72,28,27,340282366920938463463374557953744961529,71,68,0,0,340282366920938463463374557953744961313,340282366920938463463374557953744961529,32769,32767,32767,32767,32767,88,144,24,5198983563776458752,24,5198983563776458752,24,5198983563776458752,24,5198983563776458752,24,5198983563776458752
519,259,129,64,32,16,8,4,2,1,0,0,0,0,0,0,32765,32767,32769,18,146226256843603965,70,3,72,28,19,4,73,73,3,1,112,113427455640312821154458185984581653846,32769,32767,32767,32767,32767,88,144,25,340282366920938463463374557953744961536,25,340282366920938463463374557953744961536,25,340282366920938463463374557953744961536,25,340282366920938463463374557953744961536,25,340282366920938463463374557953744961536
18442,9221,4610,2305,1152,576,288,144,72,36,18,9,4,2,1,0,32768,32767,32764,22,5191102242953854976,73,34,72,28,69,34,73,73,0,0,952,34,32769,32767,32767,32767,32767,88,144,25,340282366920938463463374557953744961536,25,340282366920938463463374557953744961536,25,340282366920938463463374557953744961536,25,340282366920938463463374557953744961536,25,340282366920938463463374557953744961536
18474,9237,4618,2309,1154,577,288,144,72,36,18,9,4,2,1,0,32768,32763,32764,23,5200109442208333824,74,55,68,21,69,34,74,73,0,0,714,55,32769,32767,32767,32767,32767,88,144,25,340282366920938463463374557953744961536,26,1226245742482522112,26,1226245742482522112,26,1226245742482522112,26,1226245742482522112
18470,9235,4617,2308,1154,577,288,144,72,36,18,9,4,2,1,0,32768,32765,32769,24,5198983563776458752,75,2,70,3,25,340282366920938463463374557953744961536,75,73,0,0,340282366920938463463374557953744961534,2,32769,32767,32767,32767,32767,88,144,26,1226245742482522112,26,1226245742482522112,26,1226245742482522112,26,1226245742482522112,26,1226245742482522112
4356,2178,1089,544,272,136,68,34,17,8,4,2,1,0,0,0,32768,32769,32769,26,1226245742482522112,76,73,77,28,27,340282366920938463463374557953744961529,76,73,0,0,340282366920938463463374557953744961313,340282366920938463463374557953744961529,32769,32767,32767,32767,32767,88,144,26,1226245742482522112,26,1226245742482522112,27,340282366920938463463374557953744961529,27,340282366920938463463374557953744961529,27,340282366920938463463374557953744961529
519,259,129,64,32,16,8,4,2,1,0,0,0,0,0,0,32765,32767,32769,18,146226256843603965,75,2,77,28,19,4,78,78,2,1,112,170141183460469231731687278976872480769,32769,32767,32767,32767,32767,88,144,27,340282366920938463463374557953744961529,27,340282366920938463463374557953744961529,27,340282366920938463463374557953744961529,27,340282366920938463463374557953744961529,27,340282366920938463463374557953744961529
18442,9221,4610,2305,1152,576,288,144,72,36,18,9,4,2,1,0,32768,32767,32764,22,5191102242953854976,78,55,77,28,74,55,78,78,0,0,1540,55,32769,32767,32767,32767,32767,88,144,27,340282366920938463463374557953744961529,27,340282366920938463463374557953744961529,27,340282366920938463463374557953744961529,28,2345108766317314046,28,2345108766317314046
18474,9237,4618,2309,1154,577,288,144,72,36,18,9,4,2,1,0,32768,32763,32764,23,5200109442208333824,79,89,73,34,74,55,79,78,0,0,1870,89,32769,32767,32767,32767,32767,88,144,28,2345108766317314046,28,2345108766317314046,28,2345108766317314046,28,2345108766317314046,28,2345108766317314046
18470,9235,4617,2308,1154,577,288,144,72,36,18,9,4,2,1,0,32768,32765,32769,24,5198983563776458752,80,1,75,2,25,340282366920938463463374557953744961536,80,78,0,0,340282366920938463463374557953744961535,1,32769,32767,32767,32767,32767,88,144,28,2345108766317314046,28,2345108766317314046,28,2345108766317314046,28,2345108766317314046,29,31
4356,2178,1089,544,272,136,68,34,17,8,4,2,1,0,0,0,32768,32769,32769,26,1226245742482522112,81,78,82,28,27,340282366920938463463374557953744961529,81,78,0,0,340282366920938463463374557953744961313,340282366920938463463374557953744961529,32769,32767,32767,32767,32767,88,144,30,0,30,0,30,0,30,0,30,0
519,259,129,64,32,16,8,4,2,1,0,0,0,0,0,0,32765,32767,32769,18,146226256843603965,80,1,82,28,19,4,83,83,1,1,112,1,32769,32767,32767,32767,32767,88,144,30,0,30,0,30,0,30,0,30,0
18442,9221,4610,2305,1152,576,288,144,72,36,18,9,4,2,1,0,32768,32767,32764,22,5191102242953854976,83,89,82,28,79,89,83,83,0,0,2492,89,32769,32767,32767,32767,32767,88,144,30,0,30,0,30,0,30,0,30,0
18474,9237,4618,2309,1154,577,288,144,72,36,18,9,4,2,1,0,32768,32763,32764,23,5200109442208333824,84,144,78,55,79,89,84,83,0,0,4895,144,32769,32767,32767,32767,32767,88,144,30,0,30,0,30,0,30,0,30,0
18470,9235,4617,2308,1154,577,288,144,72,36,18,9,4,2,1,0,32768,32765,32769,24,5198983563776458752,85,0,80,1,25,340282366920938463463374557953744961536,85,83,0,0,340282366920938463463374557953744961536,0,32769,32767,32767,32767,32767,88,144,30,0,30,0,30,0,30,0,30,0
4356,2178,1089,544,272,136,68,34,17,8,4,2,1,0,0,0,32768,32769,32769,26,1226245742482522112,86,83,87,28,27,340282366920938463463374557953744961529,86,83,0,0,340282366920938463463374557953744961313,340282366920938463463374557953744961529,32769,32767,32767,32767,32767,88,144,30,0,30,0,30,0,30,0,30,0
519,259,129,64,32,16,8,4,2,1,0,0,0,0,0,0,32765,32767,32769,18,146226256843603965,85,0,87,28,19,4,88,88,0,0,112,0,32769,32767,32767,32767,32767,88,144,30,0,30,0,30,0,30,0,30,0
18442,9221,4610,2305,1152,576,288,144,72,36,18,9,4,2,1,0,32768,32767,32764,20,5191102242953854976,88,144,87,28,84,144,88,88,0,0,4032,144,32769,32767,32768,32768,32768,88,144,30,0,30,0,30,0,30,0,30,0
8331,4165,2082,1041,520,260,130,65,32,16,8,4,2,1,0,0,32766,32767,32767,21,2345108766317314046,86,83,87,28,87,28,89,88,0,0,784,28,32769,32768,32768,32768,32768,88,144,30,0,30,0,30,0,30,0,30,0
8331,4165,2082,1041,520,260,130,65,32,16,8,4,2,1,0,0,32766,32767,32767,28,2345108766317314046,81,78,82,28,82,28,89,83,0,0,784,28,32769,32768,32768,32768,32768,88,144,30,0,30,0,30,0,30,0,30,0
8331,4165,2082,1041,520,260,130,65,32,16,8,4,2,1,0,0,32766,32767,32767,28,2345108766317314046,76,73,77,28,77,28,89,78,0,0,784,28,32769,32768,32768,32768,32768,88,144,30,0,30,0,30,0,30,0,30,0
8331,4165,2082,1041,520,260,130,65,32,16,8,4,2,1,0,0,32766,32767,32767,28,2345108766317314046,71,68,72,28,72,28,89,73,0,0,784,28,32769,32768,32768,32768,32768,88,144,30,0,30,0,30,0,30,0,30,0
8331,4165,2082,1041,520,260,130,65,32,16,8,4,2,1,0,0,32766,32767,32767,28,2345108766317314046,66,63,67,28,67,28,89,68,0,0,784,28,32769,32768,32768,32768,32768,88,144,30,0,30,0,30,0,30,0,30,0
8331,4165,2082,1041,520,260,130,65,32,16,8,4,2,1,0,0,32766,32767,32767,28,2345108766317314046,61,58,62,28,62,28,89,63,0,0,784,28,32769,32768,32768,32768,32768,88,144,30,0,30,0,30,0,30,0,30,0
8331,4165,2082,1041,520,260,130,65,32,16,8,4,2,1,0,0,32766,32767,32767,28,2345108766317314046,56,53,57,28,57,28,89,58,0,0,784,28,32769,32768,32768,32768,32768,88,144,30,0,30,0,30,0,30,0,30,0
8331,4165,2082,1041,520,260,130,65,32,16,8,4,2,1,0,0,32766,32767,32767,28,2345108766317314046,51,48,52,28,52,28,89,53,0,0,784,28,32769,32768,32768,32768,32768,88,144,30,0,30,0,30,0,30,0,30,0
8331,4165,2082,1041,520,260,130,65,32,16,8,4,2,1,0,0,32766,32767,32767,28,2345108766317314046,46,43,47,28,47,28,89,48,0,0,784,28,32769,32768,32768,32768,32768,88,144,30,0,30,0,30,0,30,0,30,0
8331,4165,2082,1041,520,260,130,65,32,16,8,4,2,1,0,0,32766,32767,32767,28,2345108766317314046,41,38,42,28,42,28,89,43,0,0,784,28,32769,32768,32768,32768,32768,88,144,30,0,30,0,30,0,30,0,30,0
8331,4165,2082,1041,520,260,130,65,32,16,8,4,2,1,0,0,32766,32767,32767,28,2345108766317314046,36,33,37,15,37,15,89,38,0,0,225,15,32769,32768,32768,32768,32769,88,144,30,0,30,0,30,0,30,0,30,0
16390,8195,4097,2048,1024,512,256,128,64,32,16,8,4,2,1,0,32767,32767,32769,15,4613515612218425343,88,144,32,5,16,144,89,33,0,0,720,144,32769,32769,32769,32769,32769,88,144,30,0,30,0,30,0,30,0,30,0
8331,4165,2082,1041,520,260,130,65,32,16,8,4,2,1,0,0,32766,32767,32767,17,2345108766317314046,31,31,32,5,32,5,89,33,0,0,25,5,32769,32769,32769,32769,32769,88,144,30,0,30,0,30,0,30,0,30,0
263,131,65,32,16,8,4,2,1,0,0,0,0,0,0,0,32767,32767,32769,5,74168662805676031,30,0,30,0,6,0,89,31,0,0,0,0,32769,32769,32769,32769,32769,88,144,30,0,30,0,30,0,30,0,30,0
263,131,65,32,16,8,4,2,1,0,0,0,0,0,0,0,32767,32767,32769,5,74168662805676031,30,0,30,0,6,0,89,31,0,0,0,0,32769,32769,32769,32769,32769,88,144,30,0,30,0,30,0,30,0,30,0
263,131,65,32,16,8,4,2,1,0,0,0,0,0,0,0,32767,32767,32769,5,74168662805676031,30,0,30,0,6,0,89,31,0,0,0,0,32769,32769,32769,32769,32769,88,144,31,31,31,31,32,5,32,5,32,5
263,131,65,32,16,8,4,2,1,0,0,0,0,0,0,0,32767,32767,32769,5,74168662805676031,30,0,30,0,6,0,89,31,0,0,0,0,32769,32769,32769,32769,32769,88,144,32,5,32,5,32,5,32,5,33,1
263,131,65,32,16,8,4,2,1,0,0,0,0,0,0,0,32767,32767,32769,5,74168662805676031,30,0,30,0,6,0,89,31,0,0,0,0,32769,32769,32769,32769,32769,88,144,33,1,34,1,34,1,34,1,35,10
263,131,65,32,16,8,4,2,1,0,0,0,0,0,0,0,32767,32767,32769,5,74168662805676031,30,0,30,0,6,0,89,31,0,0,0,0,32769,32769,32769,32769,32769,88,144,35,10,35,10,36,33,36,33,37,15
263,131,65,32,16,8,4,2,1,0,0,0,0,0,0,0,32767,32767,32769,5,74168662805676031,30,0,30,0,6,0,89,31,0,0,0,0,32769,32769,32769,32769,32769,88,144,37,15,37,15,37,15,37,15,38,1
263,131,65,32,16,8,4,2,1,0,0,0,0,0,0,0,32767,32767,32769,5,74168662805676031,30,0,30,0,6,0,89,31,0,0,0,0,32769,32769,32769,32769,32769,88,144,38,1,39,2,39,2,39,2,40,9
263,131,65,32,16,8,4,2,1,0,0,0,0,0,0,0,32767,32767,32769,5,74168662805676031,30,0,30,0,6,0,89,31,0,0,0,0,32769,32769,32769,32769,32769,88,144,40,9,40,9,41,38,41,38,42,28
263,131,65,32,16,8,4,2,1,0,0,0,0,0,0,0,32767,32767,32769,5,74168662805676031,30,0,30,0,6,0,89,31,0,0,0,0,32769,32769,32769,32769,32769,88,144,42,28,42,28,42,28,42,28,43,2
263,131,65,32,16,8,4,2,1,0,0,0,0,0,0,0,32767,32767,32769,5,74168662805676031,30,0,30,0,6,0,89,31,0,0,0,0,32769,32769,32769,32769,32769,88,144,43,2,44,3,44,3,44,3,45,8
263,131,65,32,16,8,4,2,1,0,0,0,0,0,0,0,32767,32767,32769,5,74168662805676031,30,0,30,0,6,0,89,31,0,0,0,0,32769,32769,32769,32769,32769,88,144,45,8,45,8,46,43,46,43,47,28
263,131,65,32,16,8,4,2,1,0,0,0,0,0,0,0,32767,32767,32769,5,74168662805676031,30,0,30,0,6,0,89,31,0,0,0,0,32769,32769,32769,32769,32769,88,144,47,28,47,28,47,28,47,28,48,3
263,131,65,32,16,8,4,2,1,0,0,0,0,0,0,0,32767,32767,32769,5,74168662805676031,30,0,30,0,6,0,89,31,0,0,0,0,32769,32769,32769,32769,32769,88,144,48,3,49,5,49,5,49,5,50,7
263,131,65,32,16,8,4,2,1,0,0,0,0,0,0,0,32767,32767,32769,5,74168662805676031,30,0,30,0,6,0,89,31,0,0,0,0,32769,32769,32769,32769,32769,88,144,50,7,50,7,51,48,51,48,52,28
263,131,65,32,16,8,4,2,1,0,0,0,0,0,0,0,32767,32767,32769,5,74168662805676031,30,0,30,0,6,0,89,31,0,0,0,0,32769,32769,32769,32769,32769,88,144,52,28,52,28,52,28,52,28,53,5
263,131,65,32,16,8,4,2,1,0,0,0,0,0,0,0,32767,32767,32769,5,74168662805676031,30,0,30,0,6,0,89,31,0,0,0,0,32769,32769,32769,32769,32769,88,144,53,5,54,8,54,8,54,8,55,6
263,131,65,32,16,8,4,2,1,0,0,0,0,0,0,0,32767,32767,32769,5,74168662805676031,30,0,30,0,6,0,89,31,0,0,0,0,32769,32769,32769,32769,32769,88,144,55,6,55,6,56,53,56,53,57,28
263,131,65,32,16,8,4,2,1,0,0,0,0,0,0,0,32767,32767,32769,5,74168662805676031,30,0,30,0,6,0,89,31,0,0,0,0,32769,32769,32769,32769,32769,88,144,57,28,57,28,57,28,57,28,58,8
263,131,65,32,16,8,4,2,1,0,0,0,0,0,0,0,32767,32767,32769,5,74168662805676031,30,0,30,0,6,0,89,31,0,0,0,0,32769,32769,32769,32769,32769,88,144,58,8,59,13,59,13,59,13,60,5
263,131,65,32,16,8,4,2,1,0,0,0,0,0,0,0,32767,32767,32769,5,74168662805676031,30,0,30,0,6,0,89,31,0,0,0,0,32769,32769,32769,32769,32769,88,144,60,5,60,5,61,58,61,58,62,28
263,131,65,32,16,8,4,2,1,0,0,0,0,0,0,0,32767,32767,32769,5,74168662805676031,30,0,30,0,6,0,89,31,0,0,0,0,32769,32769,32769,32769,32769,88,144,62,28,62,28,62,28,62,28,63,13
263,131,65,32,16,8,4,2,1,0,0,0,0,0,0,0,32767,32767,32769,5,74168662805676031,30,0,30,0,6,0,89,31,0,0,0,0,32769,32769,32769,32769,32769,88,144,63,13,64,21,64,21,64,21,65,4
263,131,65,32,16,8,4,2,1,0,0,0,0,0,0,0,32767,32767,32769,5,74168662805676031,30,0,30,0,6,0,89,31,0,0,0,0,32769,32769,32769,32769,32769,88,144,65,4,65,4,66,63,66,63,67,28
263,131,65,32,16,8,4,2,1,0,0,0,0,0,0,0,32767,32767,32769,5,74168662805676031,30,0,30,0,6,0,89,31,0,0,0,0,32769,32769,32769,32769,32769,88,144,67,28,67,28,67,28,67,28,68,21
263,131,65,32,16,8,4,2,1,0,0,0,0,0,0,0,32767,32767,32769,5,74168662805676031,30,0,30,0,6,0,89,31,0,0,0,0,32769,32769,32769,32769,32769,88,144,68,21,69,34,69,34,69,34,70,3
263,131,65,32,16,8,4,2,1,0,0,0,0,0,0,0,32767,32767,32769,5,74168662805676031,30,0,30,0,6,0,89,31,0,0,0,0,32769,32769,32769,32769,32769,88,144,70,3,70,3,71,68,71,68,72,28
263,131,65,32,16,8,4,2,1,0,0,0,0,0,0,0,32767,32767,32769,5,74168662805676031,30,0,30,0,6,0,89,31,0,0,0,0,32769,32769,32769,32769,32769,88,144,72,28,72,28,72,28,72,28,73,34
263,131,65,32,16,8,4,2,1,0,0,0,0,0,0,0,32767,32767,32769,5,74168662805676031,30,0,30,0,6,0,89,31,0,0,0,0,32769,32769,32769,32769,32769,88,144,73,34,74,55,74,55,74,55,75,2
263,131,65,32,16,8,4,2,1,0,0,0,0,0,0,0,32767,32767,32769,5,74168662805676031,30,0,30,0,6,0,89,31,0,0,0,0,32769,32769,32769,32769,32769,88,144,75,2,75,2,76,73,76,73,77,28
263,131,65,32,16,8,4,2,1,0,0,0,0,0,0,0,32767,32767,32769,5,74168662805676031,30,0,30,0,6,0,89,31,0,0,0,0,32769,32769,32769,32769,32769,88,144,77,28,77,28,77,28,77,28,78,55
263,131,65,32,16,8,4,2,1,0,0,0,0,0,0,0,32767,32767,32769,5,74168662805676031,30,0,30,0,6,0,89,31,0,0,0,0,32769,32769,32769,32769,32769,88,144,78,55,79,89,79,89,79,89,80,1
263,131,65,32,16,8,4,2,1,0,0,0,0,0,0,0,32767,32767,32769,5,74168662805676031,30,0,30,0,6,0,89,31,0,0,0,0,32769,32769,32769,32769,32769,88,144,80,1,80,1,81,78,81,78,82,28
263,131,65,32,16,8,4,2,1,0,0,0,0,0,0,0,32767,32767,32769,5,74168662805676031,30,0,30,0,6,0,89,31,0,0,0,0,32769,32769,32769,32769,32769,88,144,82,28,82,28,82,28,82,28,83,89
263,131,65,32,16,8,4,2,1,0,0,0,0,0,0,0,32767,32767,32769,5,74168662805676031,30,0,30,0,6,0,89,31,0,0,0,0,32769,32769,32769,32769,32769,88,144,84,144,84,144,85,0,85,0,86,83
263,131,65,32,16,8,4,2,1,0,0,0,0,0,0,0,32767,32767,32769,5,74168662805676031,30,0,30,0,6,0,89,31,0,0,0,0,32769,32769,32769,32769,32769,88,144,86,83,87,28,87,28,87,28,87,28
263,131,65,32,16,8,4,2,1,0,0,0,0,0,0,0,32767,32767,32769,5,74168662805676031,30,0,30,0,6,0,89,31,0,0,0,0,32769,32769,32769,32769,32769,88,144,87,28,88,144,88,144,88,144,88,144
263,131,65,32,16,8,4,2,1,0,0,0,0,0,0,0,32767,32767,32769,5,74168662805676031,30,0,30,0,6,0,89,31,0,0,0,0,32769,32769,32769,32769,32769,88,144,88,144,88,144,88,144,88,144,88,144
263,131,65,32,16,8,4,2,1,0,0,0,0,0,0,0,32767,32767,32769,5,74168662805676031,30,0,30,0,6,0,89,31,0,0,0,0,32769,32769,32769,32769,32769,88,144,88,144,88,144,88,144,88,144,88,144
263,131,65,32,16,8,4,2,1,0,0,0,0,0,0,0,32767,32767,32769,5,74168662805676031,30,0,30,0,6,0,89,31,0,0,0,0,32769,32769,32769,32769,32769,88,144,88,144,88,144,88,144,88,144,88,144
263,131,65,32,16,8,4,2,1,0,0,0,0,0,0,0,32767,32767,32769,5,74168662805676031,30,0,30,0,6,0,89,31,0,0,0,0,32769,32769,32769,32769,32769,88,144,88,144,88,144,88,144,88,144,88,144
263,131,65,32,16,8,4,2,1,0,0,0,0,0,0,0,32767,32767,32769,5,74168662805676031,30,0,30,0,6,0,89,31,0,0,0,0,32769,32769,32769,32769,32769,88,144,88,144,88,144,88,144,88,144,88,144
263,131,65,32,16,8,4,2,1,0,0,0,0,0,0,0,32767,32767,32769,5,74168662805676031,30,0,30,0,6,0,89,31,0,0,0,0,32769,32769,32769,32769,32769,88,144,88,144,88,144,88,144,88,144,88,144
263,131,65,32,16,8,4,2,1,0,0,0,0,0,0,0,32767,32767,32769,5,74168662805676031,30,0,30,0,6,0,89,31,0,0,0,0,32769,32769,32769,32769,32769,88,144,88,144,88,144,88,144,88,144,88,144
263,131,65,32,16,8,4,2,1,0,0,0,0,0,0,0,32767,32767,32769,5,74168662805676031,30,0,30,0,6,0,89,31,0,0,0,0,32769,32769,32769,32769,32769,88,144,88,144,88,144,88,144,88,144,88,144
263,131,65,32,16,8,4,2,1,0,0,0,0,0,0,0,32767,32767,32769,5,74168662805676031,30,0,30,0,6,0,89,31,0,0,0,0,32769,32769,32769,32769,32769,88,144,88,144,88,144,88,144,88,144,88,144
263,131,65,32,16,8,4,2,1,0,0,0,0,0,0,0,32767,32767,32769,5,74168662805676031,30,0,30,0,6,0,89,31,0,0,0,0,32769,32769,32769,32769,32769,88,144,88,144,88,144,88,144,88,144,88,144
263,131,65,32,16,8,4,2,1,0,0,0,0,0,0,0,32767,32767,32769,5,74168662805676031,30,0,30,0,6,0,89,31,0,0,0,0,32769,32769,32769,32769,32769,88,144,88,144,88,144,88,144,88,144,88,144
263,131,65,32,16,8,4,2,1,0,0,0,0,0,0,0,32767,32767,32769,5,74168662805676031,30,0,30,0,6,0,89,31,0,0,0,0,32769,32769,32769,32769,32769,88,144,88,144,88,144,88,144,88,144,88,144
263,131,65,32,16,8,4,2,1,0,0,0,0,0,0,0,32767,32767,32769,5,74168662805676031,30,0,30,0,6,0,89,31,0,0,0,0,32769,32769,32769,32769,32769,88,144,88,144,88,144,88,144,88,144,88,144
263,131,65,32,16,8,4,2,1,0,0,0,0,0,0,0,32767,32767,32769,5,74168662805676031,30,0,30,0,6,0,89,31,0,0,0,0,32769,32769,32769,32769,32769,88,144,88,144,88,144,88,144,88,144,88,144
263,131,65,32,16,8,4,2,1,0,0,0,0,0,0,0,32767,32767,32769,5,74168662805676031,30,0,30,0,6,0,89,31,0,0,0,0,32769,32769,32769,32769,32769,88,144,88,144,88,144,88,144,88,144,88,144
263,131,65,32,16,8,4,2,1,0,0,0,0,0,0,0,32767,32767,32769,5,74168662805676031,30,0,30,0,6,0,89,31,0,0,0,0,32769,32769,32769,32769,32769,88,144,88,144,88,144,88,144,88,144,88,144
263,131,65,32,16,8,4,2,1,0,0,0,0,0,0,0,32767,32767,32769,5,74168662805676031,30,0,30,0,6,0,89,31,0,0,0,0,32769,32769,32769,32769,32769,88,144,88,144,88,144,88,144,88,144,88,144
263,131,65,32,16,8,4,2,1,0,0,0,0,0,0,0,32767,32767,32769,5,74168662805676031,30,0,30,0,6,0,89,31,0,0,0,0,32769,32769,32769,32769,32769,88,144,88,144,88,144,88,144,88,144,88,144
263,131,65,32,16,8,4,2,1,0,0,0,0,0,0,0,32767,32767,32769,5,74168662805676031,30,0,30,0,6,0,89,31,0,0,0,0,32769,32769,32769,32769,32769,88,144,88,144,88,144,88,144,88,144,88,144
132236918726358682556757560751957996622,99418357107683278423667899363398622631,133421178948890155901378220763415292356,216799428325738540296123452752548583661,234340545644096220553999030501973395593,98659610332993989716359948838435536135,327669067715269106649976190155770742777,120132060676027618836718007199737385059,20197879118962377968112065686745398054,241231153275829253385973430216809331824,52880047589306209275286212481047838940,320377643865442323731008499244450111799,116958136364993206088873504158803355798,338096617809937049752742522455959905857,240581338878462143773030150035955554885,75129082771091060696697429839236173194,182398507780559145353361527622062617817,182581902797388582625430443801334281748,326075722435363496345327337367339638625,26210385242564744152367133596811297572,88315050073650248226973723096864136749,76161982359938545954671346746010922447,71219366155712699859410439252530512384,65596188275518877906413508093965615328,79829948073931189777384074000258703600,241412730940136698063035877799069168349,327017586837455300844097162471515097313,86148538065288200715754023934306597871,107007968949096846244661936166221059872,330862270431802172182680261696054068072,313572028407270712529817654258249696752,222446331580360323360763697878086067706,151230629826905912948859173114764933202,136786006955946945981529453161408813720,41108869413032822173556316564648092841,242280623455601954175493680387022678712,293768253714928683732816708964185461328,106839903347155785902922244156989001828,25181663809251600396391119020263379530,65407512793553335911372913638825697056,319049066404191175445229143806963993069,311328541607721133174158751265362658052,123011163254919254831136152483197341236,249592984687395394875811886628439896330,193053351725807264695360534307393138610,111797413388334984685398147583425143794,329073059098067719380835496699862034206,309611527823210363665075268283466107420,200654932120925280033314245764015833212,98789511238269955532491304016195317361
