6
16
1031,515,257,128,64,32,16,8,4,2,1,0,0,0,0,0,32767,32767,32769,1,290341444919459839,13,0,13,0,2,0,14,14,0,0,0,0,32769,32766,32767,32767,32767,0,0,1,290341444919459839,1,290341444919459839,2,0,2,0,3,1226245742482522112
4356,2178,1089,544,272,136,68,34,17,8,4,2,1,0,0,0,32768,32769,32769,3,1226245742482522112,14,14,15,5,4,4,14,14,0,0,20,4,32769,32767,32767,32767,32767,0,0,3,1226245742482522112,4,4,4,4,5,74168662805676031,5,74168662805676031
18438,9219,4609,2304,1152,576,288,144,72,36,18,9,4,2,1,0,32768,32767,32769,7,5189976364521848832,16,7,15,5,8,7,16,16,0,0,35,7,32769,32767,32767,32767,32767,0,0,5,74168662805676031,5,74168662805676031,5,74168662805676031,5,74168662805676031,5,74168662805676031
16390,8195,4097,2048,1024,512,256,128,64,32,16,8,4,2,1,0,32767,32767,32769,9,4613515612218425343,16,7,15,5,10,7,17,16,0,0,35,7,32769,32767,32767,32767,32767,0,0,5,74168662805676031,5,74168662805676031,5,74168662805676031,5,74168662805676031,6,0
8331,4165,2082,1041,520,260,130,65,32,16,8,4,2,1,0,0,32766,32767,32767,11,2345108766317314046,14,14,15,5,15,5,17,16,0,0,25,5,32769,32767,32767,32767,32767,0,0,6,0,6,0,6,0,6,0,6,0
263,131,65,32,16,8,4,2,1,0,0,0,0,0,0,0,32767,32767,32769,5,74168662805676031,13,0,13,0,6,0,17,14,0,0,0,0,32769,32767,32767,32767,32767,0,0,6,0,6,0,6,0,6,0,6,0
263,131,65,32,16,8,4,2,1,0,0,0,0,0,0,0,32767,32767,32769,5,74168662805676031,13,0,13,0,6,0,17,14,0,0,0,0,32769,32767,32767,32767,32767,0,0,7,5189976364521848832,7,5189976364521848832,8,7,8,7,9,4613515612218425343
263,131,65,32,16,8,4,2,1,0,0,0,0,0,0,0,32767,32767,32769,5,74168662805676031,13,0,13,0,6,0,17,14,0,0,0,0,32769,32768,32768,32769,32769,0,0,9,4613515612218425343,10,7,10,7,11,2345108766317314046,11,2345108766317314046
263,131,65,32,16,8,4,2,1,0,0,0,0,0,0,0,32767,32767,32769,5,74168662805676031,13,0,13,0,6,0,17,14,0,0,0,0,32769,32769,32769,32769,32769,0,0,12,14,13,0,13,0,13,0,13,0
263,131,65,32,16,8,4,2,1,0,0,0,0,0,0,0,32767,32767,32769,5,74168662805676031,13,0,13,0,6,0,17,14,0,0,0,0,32769,32769,32769,32769,32769,0,0,13,0,13,0,13,0,13,0,13,0
263,131,65,32,16,8,4,2,1,0,0,0,0,0,0,0,32767,32767,32769,5,74168662805676031,13,0,13,0,6,0,17,14,0,0,0,0,32769,32769,32769,32769,32769,0,0,13,0,13,0,13,0,13,0,13,0
263,131,65,32,16,8,4,2,1,0,0,0,0,0,0,0,32767,32767,32769,5,74168662805676031,13,0,13,0,6,0,17,14,0,0,0,0,32769,32769,32769,32769,32769,0,0,13,0,13,0,13,0,13,0,13,0
263,131,65,32,16,8,4,2,1,0,0,0,0,0,0,0,32767,32767,32769,5,74168662805676031,13,0,13,0,6,0,17,14,0,0,0,0,32769,32769,32769,32769,32769,0,0,13,0,13,0,13,0,13,0,14,14
263,131,65,32,16,8,4,2,1,0,0,0,0,0,0,0,32767,32767,32769,5,74168662805676031,13,0,13,0,6,0,17,14,0,0,0,0,32769,32769,32769,32769,32769,16,7,14,14,15,5,15,5,15,5,15,5
263,131,65,32,16,8,4,2,1,0,0,0,0,0,0,0,32767,32767,32769,5,74168662805676031,13,0,13,0,6,0,17,14,0,0,0,0,32769,32769,32769,32769,32769,16,7,15,5,16,7,16,7,16,7,16,7
323551201016255530087012418852684666075,238865384693611201825198727182303084437,282173286560515554368516108582422083326,7018831530539508094910281854181066155,42656818604604512400967548297907705759,247800388761106455848303419202739867689,325089416239360984486780595314953106966,237086690011217952914930689341914320189,163295345192427195280824851439518434596,51970399715019106328018152880312630765,188132066012309878001632488719195174660,11723153537118859594588466679389492226,243906187894106458372913146034453942176,35280087373264248753642720908129379198,145139555030342569077938577610609973287,330294071826265726027163209281959741862,46097140474470262462364295002286132428,303305841464298401016285853687243775429,131097291820296475518721652420964772589,26045056320432950537569077048945694787,20752316603187726996159285284104644661,222902514634850541269002152225401284242,52010367336391722727514684222284156676,7587654387285919153304871917747793378,295175132005296771783560948555633880743,328876716192115204538709819407010998359,304242846679331463911011776594570091312,328314130482119864234402904734534877044,60752655637879512337611163482273795435,335108307948317094593215002270882654765,212790846684459756449210962868668011051,324322140925995791216834106163742172916,81876795540624576996295210416399050469,154053535919892093175182776829845701042,138855843697440316020632087695698354126,266904738244053488703516212385577553405,236043398845418276554828461069011921337,337044856935727127042194102640333270906,132801691968117981204659490619367046147,304134225540913178760026345920011915236,284239847129141824665695169107626544044,123315828644398404346262699847678323692,37273812208663157491546406782667386405,69635607732200081281582751185841986305,2390887317099896725110222626306853774,313458460403412418351608312177676341773,265937676472085282322542398623223080824,107839044180713534584009536042390587827,18570304543212037590251625735797468502,285338802661792320613144315782365554865
